0
0
0
0
0
0
0
0
0
0
0
0
0
0
0
0
0
0
0
0
0
0
0
0
0
0
0
0
0
0
0
0
0
0
0
0
0
0
0
0
0
0
0
0
0
0
0
0
0
0
0
0
0
0
0
0
0
0
0
0
0
0
0
0
0
0
0
0
0
0
0
0
0
0
0
0
0
0
0
0
0
0
0
0
0
6
0
0
0
0
0
5
0
0
0
0
0
0
0
0
0
0
0
0
0
0
0
0
0
0
0
0
0
0
0
0
0
0
0
0
0
0
0
0
0
0
0
0
0
0
0
0
0
0
0
0
0
0
0
0
0
0
0
0
0
0
0
0
0
0
0
0
0
0
0
0
0
0
0
0
0
0
0
0
0
0
0
0
0
0
0
0
0
0
0
0
0
0
0
0
0
0
0
0
0
0
0
0
0
0
0
0
0
0
0
0
620
0
0
0
0
0
0
620
0
0
0
0
0
0
621
0
0
0
0
0
0
620
0
0
0
0
0
0
622
0
0
0
0
0
0
0
0
0
0
0
0
0
0
0
0
0
0
0
0
0
0
0
0
0
0
0
0
0
0
0
0
0
0
0
0
0
0
0
0
0
0
0
0
0
0
0
0
0
0
0
0
0
0
0
0
0
0
46
0
0
0
701
0
0
0
0
0
0
707
0
0
0
0
0
0
706
0
0
0
0
0
0
706
0
0
0
0
0
0
671
10
9
5
9
7
0
0
0
0
0
0
0
0
0
0
0
1
6
6
8
8
4
4
0
49
0
0
0
0
0
0
0
0
0
0
0
0
0
0
0
0
0
0
0
0
0
0
0
0
0
0
0
0
0
1
7
11
7
26
31
0
0
654
6
9
9
11
0
0
707
0
0
0
0
0
0
707
0
0
0
0
0
0
707
0
0
0
0
0
0
667
11
9
9
9
6
0
0
0
0
0
0
0
0
0
0
0
0
0
0
0
0
0
0
0
0
0
0
0
0
0
0
0
0
0
0
0
0
0
0
0
0
0
0
0
0
0
0
0
0
0
0
0
0
0
174
11
9
11
17
0
0
0
673
4
0
0
0
0
0
706
0
0
0
0
0
0
706
0
0
0
0
0
0
706
0
0
0
0
0
0
694
0
0
2
5
10
7
8
11
2
0
0
0
0
0
0
0
0
0
0
0
0
0
0
0
0
0
0
0
0
0
0
0
0
0
0
0
0
0
0
0
0
0
0
0
0
0
0
0
0
0
0
0
0
0
0
0
0
0
0
0
0
0
706
0
0
0
0
0
0
706
0
0
0
0
0
0
707
0
0
0
0
0
0
706
0
0
0
0
0
0
701
0
0
2
0
0
0
0
0
0
0
0
0
0
0
0
0
0
0
0
0
0
0
0
0
0
0
0
0
0
0
0
0
0
0
0
0
0
0
0
0
0
0
0
3
6
5
7
6
1
0
0
0
3
3
0
0
0
0
0
0
0
0
706
0
0
0
0
0
0
706
0
0
0
0
0
0
689
0
0
0
0
0
0
557
11
8
75
16
0
0
545
21
6
35
0
0
0
0
0
1
54
0
0
0
0
0
0
0
0
0
0
0
0
0
0
0
0
0
0
0
0
0
0
0
0
0
0
0
0
0
0
0
0
0
0
0
0
0
0
0
0
0
0
0
0
49
7
9
56
8
0
0
0
565
62
11
3
0
0
0
642
49
0
0
0
0
0
706
0
0
0
0
0
0
706
0
0
0
0
0
0
697
0
0
1
3
4
5
5
1
0
0
0
0
0
0
0
0
0
0
0
0
0
0
0
0
0
0
0
0
0
0
0
0
0
0
0
0
0
0
0
0
0
0
0
0
0
0
0
0
0
0
2
4
3
5
5
0
0
0
0
0
0
706
0
0
0
0
0
0
706
0
0
0
0
0
0
0
687
3
6
5
0
0
0
640
11
14
17
0
0
0
539
61
16
39
12
11
11
50
3
0
29
0
0
0
0
0
0
0
0
0
0
0
0
0
0
0
0
0
0
0
0
0
0
0
0
0
0
0
0
0
0
0
0
0
0
0
0
0
0
0
0
0
0
0
0
4
4
6
49
1
0
0
605
0
46
0
0
0
0
706
0
0
0
0
0
0
707
0
0
0
0
0
0
0
707
0
0
0
0
0
0
647
6
12
9
11
10
12
25
34
6
0
0
6
6
10
9
8
4
5
9
4
4
4
0
0
0
0
0
0
0
0
0
0
0
0
0
0
0
0
0
0
0
0
0
0
0
0
0
0
0
0
0
0
0
0
0
0
0
0
0
0
0
707
0
0
0
0
0
0
706
0
0
0
0
0
0
706
0
0
0
0
0
0
706
0
0
0
0
0
0
0
593
0
0
0
0
1
113
0
0
1
50
0
0
0
0
0
0
0
0
0
0
0
0
0
0
0
0
0
0
0
0
0
0
0
0
0
0
0
0
0
0
0
0
0
0
0
0
0
0
0
0
0
0
0
0
0
0
0
0
0
0
0
0
0
0
0
0
0
0
0
0
0
0
0
0
0
0
0
0
0
0
0
0
0
0
0
0
0
0
0
0
0
0
0
0
0
0
0
0
0
0
0
0
0
0
0
0
0
0
0
0
0
0
0
0
0
0
0
0
0
0
0
0
0
0
0
